{
    "behavior_t": 2.6953335878267308e-08,
    "clk": 0.8434348371704506,
    "buy": 0.03076537312486653,
    "cart": 0.09796866453686798,
    "collect": 0.02783109821447896
}